[logo.jpg]
moddate=7da9f29168cdce01
width=282
height=59
text=3;132;4;Team;Comic Sans MS;0.005554,0.187458,0.608083,6.283185;v1,4281347018,4286348770,128.000000,1.000000,0.616822,1.000000,700,2,49160;;131;3;CPM;Comic Sans MS;0.337782,0.100423,0.730933,6.283185;v1,4282175789,4281316903,128.000000,1.000000,0.616822,1.000000,700,2,49160;;132;3;.me;Comic Sans MS;0.643075,-0.055613,0.544412,6.283185;v1,4292303172,4289933606,128.000000,1.000000,0.616822,1.000000,700,2,49160;;
textactive=1
